0.887051 1.538393 0
1.273777 1.72247 0
1.220608 1.498403 0
1.125664 1.365481 0
1.026923 1.338897 0
0.628158 1.38447 0
0.62436 1.63892 0
1.254788 1.809819 0
1.026923 1.619931 0
1.114271 1.437639 0
0.939574 1.35029 0
0.673731 1.338897 0
0.331933 1.293324 0
0.195214 1.513594 0
0.373708 1.642718 0
0.559799 1.297122 0
0.57499 1.088245 0
0.628158 0.955323 0
0.897799 0.966717 0
1.307957 1.092043 0
1.497845 1.259144 0
1.626968 1.532583 0
1.186428 1.19838 0
1.042114 1.069256 0
0.924383 1.016088 0
0.248382 1.019885 0
0.40409 0.974312 0
0.328135 0.890762 0
1.038316 1.171796 0
1.349732 1.26674 0
1.501642 1.555369 0
1.600384 1.900965 0
1.414294 1.988313 0
1.444676 1.718673 0
1.311754 1.376875 0
1.16744 1.733864 0
0.916788 2.049078 0
0.711709 1.900965 0
0.468652 1.919954 0
0.301551 1.912358 0
0.233191 1.718673 0
0.415484 1.487009 0
0.76108 1.578156 0
1.125664 1.885774 0
1.216811 1.737661 0
0.958563 1.521189 0
0.711709 1.342695 0
0.719304 1.160402 0
0.852226 1.247751 0
1.421889 1.513594 0
1.604182 1.749055 0
1.440878 1.745257 0
1.281372 1.600942 0
0.988945 1.870583 0
0.905394 1.699684 0
0.768675 1.574358 0
0.631956 1.479414 0
1.763688 1.23256 0
1.972564 1.23256 0
1.832047 1.35029 0
1.558609 1.475616 0
1.729508 1.771841 0
1.767485 1.919954 0
1.953575 1.771841 0
1.786474 1.509796 0
1.805463 1.441436 0
0.421538 2.092021 0
1.454304 2.075704 0
0.91928 1.429474 0
0.050783 1.653143 0
1.400769 1.551465 0
1.00295 2.010471 0
0.094637 2.103995 0
0.661948 1.720548 0
0.57751 1.361368 0
1.698253 1.776775 0
1.03579 1.675474 0
0.33466 1.517703 0
0.653676 1.998515 0
0.298232 1.786941 0
1.223643 1.793588 0
1.672968 2.028775 0
1.45368 1.816847 0
0.842363 1.882793 0
0.729923 1.482391 0
0.292639 1.32811 0
0.093124 1.822244 0
1.11497 1.434116 0
1.240327 2.00578 0
1.414603 1.345293 0
0.117994 1.441895 0
0.528531 1.831265 0
0.514201 1.618348 0
1.680468 1.660535 0
1.849617 1.839633 0
1.833033 1.710284 0
1.89744 2.053339 0
1.998074 1.619399 0
1.913868 1.321392 0
1.768358 1.33228 0
1.71178 1.373625 0
1.629091 1.428026 0
1.546401 1.395386 0
1.505056 1.367097 0
1.407134 1.314872 0
1.272219 1.247414 0
1.172121 1.175605 0
1.037206 1.142964 0
0.863122 1.119028 0
0.982805 1.097267 0
0.930579 1.058098 0
0.715151 1.053746 0
0.521483 1.04069 0
0.395272 1.084211 0
0.316934 1.14514 0
0.253829 1.203893 0
0.153731 1.3214 0
0.253829 1.243062 0
0.149378 1.336632 0
0.221188 1.273527 0
1.918505 1.264823 0
1.946794 1.314872 0
1.916329 1.421498 0
1.929385 1.58035 0
1.97073 1.845827 0
1.692196 1.373625 0
1.962694 1.896347 0
2.078213 2.049476 0
1.887473 1.931271 0
1.8821 1.772769 0
1.911651 1.665309 0
1.847175 1.506807 0
1.895532 1.528299 0
1.914337 1.729785 0
2.059407 2.033357 0
1.44689 1.41278 0
1.159437 1.310694 0
1.086902 1.144133 0
0.734973 1.160252 0
0.366926 1.248905 0
0.482444 1.133387 0
0.608709 1.192489 0
0.460953 1.265024 0
1.868667 1.361737 0
1.240031 1.318754 0
1.328685 1.517553 0
1.554447 1.32656 0
1.225074 1.235702 0
1.128891 1.112986 0
0.79391 1.03007 0
0.23241 0.70661 1
0.316804 0.500312 1
0.434019 0.369032 1
0.527791 0.369032 1
0.312116 0.387786 1
0.36369 0.200243 1
0.907567 0.148668 1
0.968518 0.467492 1
0.654383 0.476869 1
0.893501 0.598773 1
0.855992 0.870711 1
0.66376 0.842579 1
0.579365 0.617527 1
0.382445 0.54251 1
0.438708 0.383098 1
0.621563 0.148668 1
0.870058 0.3409 1
1.273277 0.270571 1
1.432689 0.500312 1
1.085733 0.622216 1
1.090422 0.289326 1
0.59789 0.953918 1
0.336414 0.803185 1
0.508681 0.649376 1
0.76708 0.803185 1
0.76708 0.643224 1
1.090079 0.843176 1
0.822451 1.073889 1
0.281043 1.21847 1
0.628652 0.864709 1
1.585345 0.621691 1
1.333098 0.563243 1
1.53305 0.317148 1
1.539202 0.141806 1
1.222355 0.427891 1
1.385393 0.726281 1
1.296184 0.673986 1
1.262346 0.7755 1
1.259269 0.886242 1
1.17006 0.790881 1
1.087003 0.741662 1
0.939346 0.769347 1
0.853213 0.929309 1
1.019327 0.784728 1
1.210051 0.600157 1
0.600199 0.233109 1
0.298695 1.130884 1
1.385005 0.058076 1
1.080848 0.592064 1
0.045857 0.582048 1
0.621187 0.721639 1
0.963159 0.990084 1
0.104938 0.030397 1
1.122081 0.235553 1
0.304014 0.819483 1
0.365277 0.521761 1
0.002605 0.960595 1
0.843781 0.503195 1
0.563904 0.983185 1
0.083205 1.253765 1
0.361411 0.103358 1
0.04781 0.296205 1
1.338123 0.462837 1
1.15448 0.014006 1
0.825177 0.802259 1
0.418359 0.321475 1
0.82625 0.221768 1
0.635879 0.46961 1
0.125245 0.824366 1
0.231142 0.65363 1
1.434182 0.21895 1
0.981496 0.352409 1
1.078847 0.78467 1
0.174082 0.453355 1
0.723423 1.058173 1
1.634 0.075356 1
1.594009 0.253775 1
1.501724 0.07228 1
1.652457 0.259927 1
1.707828 0.426041 1
1.597085 0.419888 1
1.458657 0.339908 1
1.621695 0.352212 1
1.474038 0.672135 1
1.283315 0.149184 1
1.301772 0.24147 1
1.427895 0.441422 1
1.495571 0.558317 1
1.357143 0.690593 1
1.104896 0.909002 1
1.157191 0.859783 1
1.209486 0.896697 1
1.261781 0.945916 1
1.018763 0.91823 1
1.394457 0.791153 1
0.504917 0.93318 1
0.390299 0.898296 1
0.210896 1.090158 1
1.626894 0.635713 1
1.70912 0.640697 1
1.639352 0.648172 1
1.197588 0.584588 1
1.202571 0.691731 1
1.207554 0.749041 1
1.11287 0.644389 1
0.85124 0.666814 1
0.729146 0.724124 1
0.928483 0.788908 1
0.978317 0.888576 1
0.778981 0.901035 1
0.644428 0.778941 1
0.400241 0.736582 1
0.265689 0.607013 1
0.773997 0.534754 1
0.96835 0.664323 1
0.906058 0.716648 1
1.050577 0.559671 1
1.312206 0.417643 1
1.324665 0.547212 1
1.160212 0.464986 1
1.028151 0.382759 1
1.372007 0.308008 1
1.095428 0.445052 1
1.192604 0.3404 1
1.185129 0.218307 1
1.080477 0.240732 1
0.903566 0.268141 1
0.711704 0.285583 1
0.74908 0.422627 1
0.711704 0.582096 1
0.626986 0.679273 1
0.55971 0.494886 1
0.467517 0.432594 1
0.499909 0.736582 1
0.609544 0.808842 1
0.470009 0.918477 1
0.455058 0.816317 1
0.380307 0.724124 1
0.258213 0.61698 1
0.537285 0.474953 1
0.769014 0.49987 1
0.928483 0.527279 1
1.038118 0.594555 1
1.050577 0.290566 1
1.000743 0.158506 1
1.257389 0.096213 1
1.322173 0.350367 1
1.189763 0.469969 1
0.483548 0.031211 1
0.715717 0.043509 1
2.021935 1.965527 2
1.744699 0.955323 2
1.509238 0.890762 2
1.775081 0.643907 2
1.934587 0.378064 2
1.744699 0.229952 2
1.638362 0.541368 2
1.702923 0.370469 2
1.805463 0.302109 2
2.173845 0.153997 2
2.314362 0.142603 2
2.196632 0.484402 2
2.234609 0.886964 2
2.337149 1.088245 2
2.310565 1.213571 2
2.116879 0.97811 2
1.915598 0.932537 2
1.858631 0.799615 2
1.733306 0.719863 2
1.592788 0.848986 2
1.520631 1.061661 2
1.395305 0.985706 2
1.118069 0.962919 2
1.034518 0.902155 2
1.31935 1.016088 2
1.342137 0.966717 2
1.087687 0.997099 2
1.258586 0.97811 2
1.178833 0.959121 2
1.182631 1.061661 2
1.486451 0.780627 2
1.368721 0.913548 2
1.654098 1.003588 2
1.908547 1.178285 2
1.676884 1.341588 2
1.821199 1.299813 2
1.992098 1.459319 2
2.049064 1.326397 2
2.254143 1.459319 2
2.219964 1.44033 2
2.144008 1.455521 2
2.102233 1.383364 2
2.037671 1.178285 2
1.832592 1.204869 2
1.316097 1.140307 2
1.437626 1.079543 2
1.726255 1.041565 2
1.813604 0.969408 2
1.543963 1.022577 2
1.441423 1.011183 2
1.437626 0.870666 2
1.471805 0.802307 2
1.570547 0.714958 2
1.562952 0.665587 2
1.71866 0.582037 2
1.859177 0.433924 2
1.840188 0.376958 2
1.90475 0.517475 2
1.916143 0.669385 2
1.80221 0.768127 2
1.711064 0.878262 2
1.68448 0.946621 2
1.589536 0.897251 2
1.642704 0.939026 2
1.68448 0.77952 2
1.669289 0.733947 2
1.737648 0.506082 2
1.714862 0.483295 2
1.654098 0.4757 2
1.646502 0.44152 2
1.654098 0.3048 2
1.638907 0.209857 2
1.794615 0.194666 2
1.787019 0.889655 2
1.950323 1.109925 2
2.071851 1.079543 2
2.408559 1.843549 2
2.222603 0.118595 2
2.345486 0.971094 2
1.89973 1.459969 2
2.140977 0.578571 2
2.384451 1.441259 2
1.285075 0.86594 2
1.822852 0.223503 2
1.936977 1.002828 2
1.819947 0.704314 2
1.174785 1.240515 2
2.151291 1.193541 2
2.350717 0.391649 2
1.622049 1.375045 2
2.014615 1.787133 2
2.404507 0.662609 2
2.244597 2.10454 2
1.805217 1.159645 2
1.601125 0.160715 2
2.22169 1.697336 2
1.992568 0.401148 2
1.376335 1.149502 2
1.94592 0.030355 2
1.66962 0.349495 2
1.492608 0.836406 2
2.4122 1.646919 2
2.180283 1.398469 2
2.040555 0.206695 2
2.39832 1.212936 2
1.635247 0.713414 2
2.190725 1.944116 2
1.870172 1.623076 2
1.711802 0.905722 2
1.141017 1.009694 2
1.435651 0.02479 2
1.570203 0.052199 2
1.634988 0.017315 2
1.318541 0.012331 2
1.734319 0.017561 2
2.36755 0.879446 2
1.527225 0.815116 2
1.537192 0.757807 2
1.435032 0.825083 2
1.582043 0.827575 2
2.0156 0.864951 2
1.970749 0.650664 2
2.212445 0.423918 2
2.005633 0.767774 2
1.833705 0.852492 2
1.763938 0.802658 2
1.923407 0.727907 2
1.634369 0.894851 2
1.719087 1.074254 2
1.891015 1.129072 2
1.813772 1.05432 2
1.763938 1.121597 2
1.684203 1.071762 2
2.159902 1.100212 2
2.195065 0.661794 2
1.502781 0.477513 2
1.564964 0.523674 2
1.5189 0.227826 2
1.435965 0.913932 2
1.482799 0.904574 2
1.589771 1.208902 2
1.600745 1.144995 2
1.677927 1.299948 2
1.581214 1.305321 2
1.675241 1.262338 2
1.466115 1.182042 2
1.454147 1.197475 2
1.464402 1.249786 2
1.97939 1.97932 2
2.380318 0.034133 2